186371 1.00739e+06
201139 997212
216447 987037
232893 976861
251993 966686
273517 956510
306356 946334
351035 936159
402190 925983
456608 915807
515128 905632
578940 895456
642794 885280
707665 875105
779605 864929
844828 854754
918432 844578
989778 834402
1.07454e+06 824227
1.15086e+06 814051
186356 1.00635e+06
201106 996185
216397 986020
232816 975855
251881 965690
273339 955524
306038 945359
350887 935194
402114 925029
456716 914864
515680 904699
579426 894534
643215 884368
708037 874203
779911 864038
845058 853873
918588 843708
989843 833543
1.07451e+06 823378
1.15072e+06 813212
186346 1.00565e+06
201083 995490
216364 985332
232763 975174
251806 965016
273219 954858
305846 944700
350634 934542
401967 924383
456614 914225
515991 904067
579760 893909
643506 883751
708293 873593
780126 863435
845220 853277
918701 843119
989895 832961
1.07449e+06 822803
1.15064e+06 812645
