1 0.586645 0.276268 1 0.0742627 1 0.906566 0.546107 1 0.770967 0.173225 1 0.223355 1 0.373814 0.0878854 1 0.85924 0.269682 1 0.021119 1 0.0997561 0.436449 1 0.0769791 0.685956 1 0.34667 1 0.223872 0.511255 1 0.218768 0.914281 1 0.0276156 1 0.403916 0.516336 1 0.0332759 0.959379 1 0.40301 1 0.208076 0.127067 1 0.880172 0.842409 1 0.792207 1 0.171003 0.784507 1 0.322939 0.909625 1 0.375684 1 0.803248 0.771467 
1 0 0.845405 1 0.284103 1 0.822601 0.497206 1 0.785456 0.739121 1 0.756005 1 0.95784 0.594497 1 0.864283 0.847425 1 0.0965331 1 0.959841 0.303379 1 0.508555 0.653181 1 0.462528 1 0.636464 0.496236 1 1 1 1 0.429961 1 0.635457 0.336793 1 0.740031 0.684632 1 0.122526 1 0.634508 0.945346 1 0.321837 0 1 0.296972 1 0 0.97978 1 0.140787 0.528438 1 0.159958 1 0.48002 1 
1 0.0863232 0.610004 1 0.539335 1 0.402638 0 1 0.585622 0.37405 1 0 1 0.764065 0.402975 1 0.466924 0 1 0.0858785 1 1 0.699769 1 0 0.780682 1 0.789306 1 0.18835 0 1 0.770409 0.90897 1 0.158746 1 0.83331 0.949104 1 0.193779 1 1 0.784808 1 0.251023 0.0300943 1 0.494709 0.773546 1 0.380441 1 0 0.57619 1 0.399606 0.623642 1 0.146219 1 0.645161 0.373312 
1 0.252303 0 1 0.359584 1 0.7246 0.309988 1 0.791699 0.527322 1 0.431295 1 0.933844 0.670937 1 1 0.633997 1 0.279093 1 1 0 1 0.448341 0.447648 1 0.395668 1 0.68062 0.376174 1 0.335713 0.696213 1 0.338331 1 1 0.697505 1 0.143912 0.476762 1 0.688815 1 0.906892 0.286804 1 0.86021 0 1 0.454543 1 0.380969 0.938538 1 0.1284 0.316919 1 0.449318 1 0.445339 0.92362 
1 0.158446 0 1 0.996045 1 0.432587 0.33243 1 0.261502 0.680246 1 0.246802 1 0.849204 0.794383 1 0.455714 0.0110033 1 0.0887604 1 0.969701 0.742152 1 0.229959 0.173664 1 0.712868 1 0.659236 0.438276 1 0.151065 0.761685 1 0.0576781 1 0.890268 0.764237 1 0.0751775 0.991544 1 0.985315 1 0.526108 0.0413732 1 0.510453 0.400507 1 0.22272 1 0.0128129 0.676024 1 0.596804 0.495278 1 0.135268 1 0.57224 0.301916 
1 0.293316 0.746756 1 0.376627 1 0.45399 0.0262973 1 0.825418 0.385691 1 0 1 0.372851 0.737012 1 1 0.670756 1 0.261476 1 0.830302 1 1 0.506798 0.242322 1 0.809416 1 0.438784 0 1 0.77659 0.706075 1 0.0573167 1 0.973236 0.642261 1 0.349078 0.484637 1 0.67583 1 0.708507 0.451729 1 0.996233 1 1 0.359505 1 0.431581 1 1 0.185645 0.296627 1 0.439106 1 0.687808 1 
1 0 1 1 0.951255 1 0.785056 0.547238 1 0.831853 0.966759 1 0.425502 1 1 0.589248 1 0.79525 0.7356 1 0.372498 1 0.944652 0.142566 1 0.516628 1 1 0.246982 1 0.362536 0.542868 1 1 1 1 0.603827 1 0.70385 0.287506 1 1 0.607753 1 0.597374 1 0.855387 1 1 0.31934 0 1 0.300031 1 0 0.966811 1 0.0353263 0.600267 1 0.103846 1 1 0.807181 
1 0.0199803 0.183574 1 0.662687 1 0.561385 0.365127 1 0.221499 0.76319 1 0.0954116 1 0.350187 0.899684 1 0.541973 0.0669878 1 0.0272953 1 1 0.346096 1 0.610537 0.275594 1 1 1 0 0.67892 1 0.396573 1 1 0 1 0.783574 0.566648 1 0.515725 0.964869 1 0.857084 1 0.904604 0.0678749 1 0.240555 0.394852 1 0.152966 1 0 0.425952 1 0.178583 0.1018 1 0.101166 1 0.24656 0.455367 
1 0.483347 0.558228 1 1 1 0.597368 0.0454011 1 0.836529 0.931986 1 0 1 1 0.616716 1 1 0.555393 1 0.446186 1 0.877979 0.744722 1 0.481509 0.548511 1 0.686979 1 1 0.524381 1 0.745229 1 1 0.0376618 1 1 0.683287 1 0.174035 0.459489 1 0.740288 1 1 0.386316 1 1 0.728417 1 0 1 0.148285 0.934336 1 0.298163 0 1 0.4613 1 0.528662 1 
1 0 0 1 0.57465 1 0.345953 0.57641 1 0.517849 0.64304 1 0.0363889 1 0.294211 0.973942 1 0.772391 0.112699 1 0 1 0.999779 0.442439 1 0.58654 0.476197 1 1 1 0.989031 0.397673 1 0.392464 1 1 0 1 0.946081 0.407334 1 0.516176 1 1 0.389116 1 0.526385 0 1 0.10032 0.910592 1 0.168689 1 0 0.810156 1 0.261773 0.390936 1 0 1 0.159006 0.371397 
1 0 0.244062 1 0.317679 1 0.412986 0.472287 1 0.606842 1 1 0.11997 1 1 1 1 0.713849 0.118129 1 0.457587 1 1 0.150167 1 0.709994 0.289912 1 0.575651 1 0.759217 0.6123 1 1 1 1 0.291341 1 1 0.520095 1 0.431679 0.624038 1 0 1 1 0.592463 1 0 0.822064 1 0.181854 1 0 0.936353 1 0.298298 0.267997 1 0.0321798 1 0.152959 0.583263 
1 0.231531 0.403928 1 0.429443 1 0.423033 0.354993 1 0.724649 0.635964 1 0 1 1 0.876464 1 0.575081 0.56997 1 0 1 1 0.611307 1 0.164341 0.333444 1 0.478656 1 0.759295 0.370523 1 0.725271 1 1 0.353072 1 0.935765 0.508894 1 0.441764 1 1 0.291591 1 0.47913 0.620882 1 0.288309 0 1 0.00144599 1 0 0.873704 1 0.552316 0.577107 1 0 1 0.638895 0.138874 
