1.3236e+06 922972
1.33725e+06 913649
1.35131e+06 904326
1.36632e+06 895003
1.38405e+06 885680
1.40357e+06 876357
1.43239e+06 867034
1.47194e+06 857711
1.52023e+06 848388
1.57324e+06 839065
1.62891e+06 829742
1.69019e+06 820419
1.75424e+06 811096
1.81475e+06 801773
1.88624e+06 792450
1.95898e+06 783127
2.02389e+06 773804
2.09388e+06 764482
2.17238e+06 755159
2.25075e+06 745836
1.32347e+06 913693
1.33697e+06 904464
1.35088e+06 895234
1.3658e+06 886005
1.38337e+06 876776
1.40275e+06 867547
1.43092e+06 858317
1.46989e+06 849088
1.51788e+06 839859
1.57079e+06 830630
1.62617e+06 821401
1.68724e+06 812171
1.75102e+06 802942
1.81145e+06 793713
1.88273e+06 784484
1.95522e+06 775254
2.02033e+06 766025
2.09036e+06 756796
2.16898e+06 747567
2.24699e+06 738338
1.32347e+06 913859
1.33697e+06 904628
1.35089e+06 895397
1.36572e+06 886166
1.38344e+06 876935
1.40277e+06 867704
1.431e+06 858473
1.46962e+06 849242
1.51753e+06 840012
1.57012e+06 830781
1.62572e+06 821550
1.68713e+06 812319
1.75094e+06 803088
1.81134e+06 793857
1.88238e+06 784626
1.95386e+06 775395
2.01877e+06 766164
2.09005e+06 756934
2.16733e+06 747703
2.24624e+06 738472
