73013.7 1.29505e+06 
109902 1.29464e+06 
133180 1.29423e+06 
69249.9 1.29522e+06 
94431.9 1.29482e+06 
111649 1.29462e+06 
103618 1.29471e+06 
14976.5 1.29563e+06 
138153 1.29415e+06 
173762 1.2939e+06 
110934 1.29463e+06 
10681.9 1.29572e+06 
122284 1.2945e+06 
155590 1.29407e+06 
79995.3 1.29492e+06 
124911 1.29447e+06 
105314 1.29469e+06 
126213 1.2943e+06 
107708 1.29467e+06 
43960.6 1.29544e+06 
170591 1.29392e+06 
175760 1.29388e+06 
86049.8 1.29491e+06 
152056 1.29415e+06 
175424 1.29388e+06 
159834 1.29402e+06 
4439.77 1.29572e+06 
167304 1.29397e+06 
107474 1.29467e+06 
159628 1.29406e+06 
112928 1.29452e+06 
9248.94 1.29572e+06 
175079 1.29388e+06 
34518.5 1.29549e+06 
119536 1.29451e+06 
