1 0.571849 0.839719 1 0.520678 0 0.615811 1 0 0.219191 
1 0.369201 1 1 0.446785 0.479431 0.301008 1 0 0.413129 
1 0.277854 0 1 0.129698 0.470405 0.172178 1 0 0.68574 
1 0.269987 1 1 0 0.934359 0.0564309 1 0.07168 0.166006 
1 0.252326 1 1 0.680021 0.0969384 1 1 0 0.322648 
1 0.802609 1 1 0.315143 0.698084 0 1 0 0.423466 
1 0.453778 1 1 0.411223 0 0.577778 1 0 0.375528 
1 0.368401 0.118202 1 0 0.420602 0 1 0 0.024994 
1 0 0.0621459 1 0.519188 0.369627 0.379035 1 0 0.748041 
1 0.688387 0.829905 1 0 0.41181 0.237699 1 0.00597201 0.989656 
1 0.433726 1 1 0 0.735446 0.21429 1 0 0.419591 
1 0.253273 0.378303 1 0.660083 0.0994719 0.0547815 1 0 0 
1 0.781116 1 1 0.205962 0.768814 0.803881 1 0 0.494822 
1 0.387706 0.562869 1 0 0.336163 0.0427265 1 0 0.814089 
1 0.262849 0.397589 1 0 0.231345 0 1 0 0.278659 
1 0.430186 1 1 0 0.824112 0.174861 1 0 0.514126 
1 0.459301 1 1 0.417839 0.0493623 0.937912 1 0 0.385558 
1 0.225602 0 1 0.211875 0.379076 0.393928 1 0 0.630344 
1 0.796995 1 1 0.53703 0.675001 0.20338 1 0 0.39857 
1 0.248539 0.89499 1 0.528953 0.489218 0 1 0.0301317 0.0811123 
1 0.459578 0.809955 1 0.263607 0.971403 0.170469 1 0 0.951856 
1 0.468541 0.990231 1 0.162307 0.923438 0.130534 1 0 1 
1 0 1 1 0.970496 0 1 1 0 0.277989 
1 0.091823 1 1 0 0.119961 0.188585 1 0 0.743688 
1 0.561329 0.987622 1 0.0478929 0.246983 0 1 0 1 
1 0.457736 0.520519 1 0.000576493 0.645123 0 1 0 0.860377 
1 0.313957 0 1 0.465598 0 0.342423 1 0 0 
1 0.4565 0.910637 1 0.854075 1 0.0937188 1 0 0.903925 
1 0.527153 1 1 0.0261839 0.647697 1 1 0 0.397917 
1 0.310481 1 1 0.229775 0.368444 0.115054 1 0 0.816917 
1 0.115576 0.344821 1 0.441572 0.0755164 0.848123 1 0 0.483554 
1 0.290561 0.268453 1 0.274039 0.219532 0.00514283 1 0 0 
1 0.489794 0.886689 1 0.340953 1 0.172626 1 0 1 
1 0 0.788556 1 0.21527 0 0.964778 1 0 0.0657348 
1 0.214599 0.792446 1 0.923197 0.911951 0 1 0 0.487435 
